2 0.4 ->	: -    :
3 0.6 ->	:  -   :
4 0.8 ->	:   -  :
5 1.0 ->	:    - :
2 1.6 ->	: -    :
3 1.8 ->	:  -   :
4 2.0 ->	:   -  :
5 2.2 ->	:    - :
4 2.4 <-	:   -  :
3 2.6 <-	:  -   :|
2 3 <-  	
6 3 -		: -   -:
5 3.15 <-	:    - :
4 3.35 <-	:   -  :
5 3.55 ->	:    - :
4 3.75 <-	:   -  :
3 3.95		:  -   :
2 4.15		: -  - :
5 4.15		
4 4.35		:   -  :
3 4.55		:  -   :
4 4.75		:   -  :
3 4.95		:  -   :
1 5.15		:-     :
2 5.35		: -   -:
6 5.35		
5 5.55750387
3 5.80832535
6 5.99461717
1 6.60977567
5 6.80868716
3 7.03629796
2 7.22654129
3 7.41633234
6 7.56101676
5 7.78
2 7.78
1 8.4
6 8.8
5 9.0
2 9.0
1 9.597362516
6 10.18154102
2 10.19254505
2 10.58074299
5 10.79499570
2 10.96797040
3 11.16302596
1 11.36769745
5 11.37655050
1 11.81112143
1 12.21049008
5 12.38564476
2 12.59722200
6 12.60000728
2 13.04680762
2 13.40978159
6 13.57864663
5 13.77855709
1 13.77945821
1 14.40579311
2 14.99660430
4 15.00083456
3 15.94817420
2 16.16514223
4 16.17804748
2 16.74757255
4 16.76557163
3 16.94831699
4 17.13783385
5 17.36162627
2 17.36405542
6 18.37096231
5 18.61405429
2 18.61760529
3 19.25467171
6 19.83131017
2 19.83255717
2 20.18105406
5 20.39626933
2 20.60168721
3 20.78353373
1 21.00073443
4 21.05757953
1 21.43096019
1 21.83133748
4 21.99993116
5 22.198146332
2 22.199398457
2 22.613153738999998
2 22.998131199
3 23.00618041
4 23.173665329000002
1 23.367050059999997
5 23.381683023999997
1 24.035964028000002
1 24.58269997
4 24.614440566
6 25.601529059999997
5 25.822855345
2 25.827256839999997
3 26.414755389
2 27.001568996000003
4 27.020926015
4 27.970599245000002
1 28.182608834
3 28.183510523000002
1 28.816915574
3 29.366932869000003
2 29.584733747999998
5 29.752002489
4 29.992498629000004
2 29.99939072
1 30.185453279
2 30.382998864
3 30.572203398
3 30.768974725
4 30.970055387000002
5 31.185758773000003
2 31.202608128999998
4 31.618078611
2 31.623013724000003
2 32.004879361
1 32.402140274
2 32.601533042
3 32.802982344
3 32.991403517
4 33.186223555
5 33.385486047
4 33.587437109
2 34.252342116
3 34.422303978
4 34.57019522
5 34.791801398
4 35.004166543
3 35.185935128
2 35.397421908
3 35.603098625
4 35.789937149
5 35.988807108
1 36.639077444
2 36.839139794
3 37.016561498
4 37.219270889
3 37.411100846
2 37.619801207
1 37.796012884
2 37.976197682
3 38.172401827
2 38.370560105
3 39.006821548
1 39.604957185
2 39.807124994
3 40.024585678
3 40.182353403
4 40.403015794
5 40.599390606
5 40.809121794
2 40.822364963
2 41.203794262
4 41.204348929
1 41.570525744
3 41.574244572
4 41.793120652
4 41.989403872
1 42.025505572
1 42.38889483
3 42.391067418
2 42.789079833
4 42.806349598
4 43.208679313
2 43.221410481
2 43.578342849
3 43.589458941
6 43.95607949
3 43.957220112
6 44.358047391
3 44.35900483099999
2 44.80808471
5 44.823685354000006
1 45.19064211600001
3 45.207356645000004
4 45.409093805
1 45.623531982
4 45.624568497
1 46.007666349000004
3 46.026003918
4 46.406009288999996
1 46.407044098
5 46.625859307
5 46.823707541000005
2 47.032110372999995
4 47.045728440000005
2 47.223968775
4 47.239924974999994
3 47.608199283999994
6 47.790170393
2 48.026860665
5 48.030560151
3 48.613390964999994
3 49.813652426999994
4 50.008758047
5 50.195789424
4 50.657186889
4 51.033487085000004
2 51.415858465
1 51.617349295
3 51.628130311999996
1 52.424760441000004
2 52.59727547599999
3 52.792463016
2 53.210577695
6 53.375507733000006
5 53.597210054
3 53.779613518999994
2 54.000544996
5 54.01257187900001
2 55.011748127999994
6 55.377967041000005
3 55.394192894
2 55.41371147700001
3 55.845106302000005
2 56.210263669
1 56.451457835
4 56.455899720999994
2 56.646221553000004
3 56.888888003999995
4 57.160209396
5 57.361783285
6 57.587966745
2 58.227643798
3 58.821148678
1 60.446177976
1 60.817511769999996
4 61.01477177300001
5 61.201580146
4 62.428672121999995
2 62.628866454000004
1 62.998320639
2 63.195851433
3 63.380864392999996
4 63.585275331000005
2 64.613731161
3 64.803267357
1 65.220733503
1 65.617250309
3 65.621788337
4 65.81452112
5 66.033670267
2 66.414241113
5 67.031537502
4 67.223088134
2 67.606406146
2 68.183132781
3 68.387372483
1 68.785589699
3 68.790587389
3 68.998374115
2 69.398766193
1 69.584622246
4 69.587536096
4 70.582058263
5 70.771451099
2 71.207069357
3 71.633719647
4 71.800901917
5 72.0018176
2 72.437221386
2 72.802581277
5 73.233006146
1 73.617235518
1 74.000934116
4 74.199952554
3 74.366371944
2 74.817070312
3 75.001855716
2 75.207132503
4 75.619639643
3 76.600645575
2 76.820070064
1 77.669572172
3 78.036495939
1 78.994072745
1 79.173433791
2 79.586809056
2 79.970689129
4 80.186293528
3 80.385997479
3 81.620028763
4 81.775326371
3 82.003601636
2 82.1887864
1 82.385504252
2 82.553723606
1 83.860192671
1 84.040794465
2 84.455594227
3 84.655672506
4 84.827975915
5 85.025568718
6 86.253920783
5 86.4377368
4 86.621856034
3 86.822605603
2 87.006579771
1 88.640575329
1 88.823432198
2 89.221677858
3 89.425509099
4 89.62820313
3 89.808134772
4 90.631897495
5 91.009440145
4 91.223907335
3 91.642370743
1 91.827440022
3 92.027179243
2 92.223601272
3 92.390226031
1 93.223244579
2 93.423863303
3 93.611304849
2 94.40708392
3 94.600200704
4 94.826324999
2 95.216271137
3 95.608282342
6 95.809367554
5 96.008901407
2 97.248454897
1 99.208733926
4 99.225794908
2 99.631630686
5 99.636545319
2 100.070830669
4 100.211765536
2 100.215172612
3 100.632662082
1 100.814211645
4 100.829240556
1 101.260307701
1 101.616825917
4 101.848750037
2 101.982132333
5 102.004076659
2 102.440154578
2 102.786854908
6 103.049191836
1 103.21303302
5 103.22377649
1 103.614909899
1 103.984763444
2 104.404471013
3 104.41205601
2 104.814845956
2 105.171520618
3 105.427924602
4 105.566855841
1 105.579505658
1 106.049376725
1 106.356218981
3 106.362706023
4 106.628722525
2 106.757613442
5 106.785772881
2 107.270140379
2 107.584916931
6 107.846661076
1 108.00211285399999
5 108.00782905099999
1 108.38382716699999
2 108.43705299499999
3 108.57996532000001
1 108.76983773
5 109.031352613
6 109.20734413
2 109.215697697
2 109.68728908400001
4 109.830994441
2 109.96812571500001
3 110.26623268
4 110.38073241000001
1 110.415732171
1 110.849222215
1 111.18618543900001
5 111.44838754099999
2 111.621548265
6 111.63295221499999
2 112.03836075699999
2 112.32710153299999
3 112.33387586399999
5 112.63164092599999
1 112.82128805599999
6 112.83547444199999
1 113.238343463
1 113.57356645600001
2 113.985543391
6 114.00651605499999
2 114.417418927
2 114.74471843399999
5 115.03269860500001
1 115.17006995
3 115.182158843
1 115.626769529
2 115.78425679200001
1 115.95273044000001
2 116.359537311
4 116.370357012
2 116.788683317
2 117.15855336000001
6 117.41738991400001
1 117.58690861100001
5 117.590168345
1 118.08744279800001
1 118.435798595
6 118.772784006
2 118.78563065899999
2 119.21979142199999
2 119.41885821700001
4 119.43402423
3 119.80153452100001
1 119.98528056500001
4 120.002090667
1 120.45032802099999
1 120.77669511900001
5 121.01035833200001
6 121.17096993300001
2 121.176271979
2 121.618474558
2 121.955747258
5 122.202738404
1 122.37120408800001
3 122.376004373
1 122.852224242
1 123.20225086600001
4 123.60671277700001
2 123.621507874
2 124.03864235699999
2 124.385783576
3 124.63808131900001
4 124.79126038499999
1 124.80577502
1 125.27123093899999
1 125.570752731
5 125.791130678
6 125.970321627
2 125.975817664
1 126.60421307799999
4 126.60808607499999
1 127.185995999
6 127.18845473799999
5 127.47533353899999
2 127.48044216299999
1 127.78768548599999
6 127.79207617200001
2 128.405776613
6 128.40726312
2 128.821354616
4 129.011940412
2 129.17015699
3 129.408271192
4 129.591056381
1 129.608047391
1 130.07102466
1 130.406650995
5 130.624454151
2 130.773340949
6 130.789881398
2 131.23978901
2 131.541559052
3 131.542931781
5 131.792811176
1 132.023260166
6 132.025453234
1 132.505409566
1 132.823003256
2 133.22389425
5 133.239067659
2 133.608885933
2 133.942924499
4 134.211032238
1 134.358346057
3 134.372612657
1 134.842062746
2 135.009997656
1 135.162302339
2 135.606994377
5 135.610762698
2 136.043144545
2 136.357692973
6 136.624765902
1 136.82380539
5 136.841489875
1 137.258979345
1 137.559845421
3 137.575395435
4 137.992669864
1 138.456791739
1 138.626186418
3 138.826562226
6 139.057666576
2 139.174644387
5 139.208502388
2 139.592531511
4 139.618079749
1 139.92707013
3 140.111081845
4 140.29670636
2 140.417583905
1 140.825732786
3 140.833998744
2 141.126334329
4 141.142925978
2 141.526141021
4 141.526761679
1 141.992892869
3 142.009346847
6 142.376300765
2 142.393070476
3 142.804166202
6 142.815476854
4 143.228923798
2 143.235347693
1 143.511099025
3 143.512365941
4 143.8276818
4 143.99392142
2 143.994559714
2 144.410425574
4 144.426252068
1 144.743517509
3 144.745229865
6 145.028916061
6 145.194903095
1 145.326504768
3 145.329609765
1 145.662104366
3 145.665796456
2 145.962590425
3 146.261001176
5 146.376991965
2 146.411678268
1 146.99736775
3 147.010250243
2 147.763761995
1 148.061379146
2 148.211322371
3 148.373211128
4 148.680177402
5 148.831114476
1 148.995494399
4 149.267720894
3 149.380524766
2 149.555127624
3 149.829024947
1 149.996735714
4 150.145730032
3 150.454496271
6 150.613518965
5 150.774622656
5 151.079712734
3 151.214289127
2 151.379210632
3 151.647576646
2 151.800370574
1 151.982523159
3 152.246669154
4 152.403758195
2 152.563275822
1 152.867191144
2 153.031363422
3 153.186118311
6 153.497472426
5 153.898872576
3 154.199924679
2 154.532038693
5 154.83186029
4 155.155026248
2 155.703272591
4 156.581554227
1 156.615325188
5 156.632262153
6 156.754529494
2 156.964430781
3 157.335559206
4 157.735945596
2 158.183521332
3 158.663261486
5 159.200305266
6 159.801909419
1 160.5
6 160.5
