0,1,0,0,0,0#378.08047700000174
0,0,1,0,0,0#524.296910000001
0,0,0,1,0,0#728.1526119999995
0,0,0,0,1,0#921.4002410000013
0,1,0,0,0,0#1476.5227450000011
0,0,1,0,0,0#1692.0275889999991
0,0,0,1,0,0#1878.7307170000006
0,0,0,0,1,0#2106.1042929999985
0,0,0,1,0,0#2311.863498000002
0,0,1,0,0,0#2474.936682
0,0,0,0,0,1#2674.809023999999
0,1,0,0,0,0#2689.666699000001
0,0,0,0,1,0#2844.459702999999
0,0,0,1,0,0#3052.0825889999987
0,0,0,0,1,0#3257.3986290000016
0,0,0,1,0,0#3443.4611890000015
0,0,1,0,0,0#3610.5046500000003
0,1,0,0,0,0#3783.902033000001
0,0,0,0,1,0#3943.706949
1,0,0,0,0,0#3961.613301000001
0,0,0,1,0,0#4140.881618999999
0,0,1,0,0,0#4326.799680000002
0,1,0,0,0,0#4542.652684000001
0,0,1,0,0,0#4715.666634999999
1,0,0,0,0,0#4908.249232
0,0,0,0,0,1#5042.0883460000005
0,1,0,0,0,0#5084.550225000002
0,0,0,0,1,0#5257.503873999998
0,0,1,0,0,0#5508.325350000001
0,0,0,0,0,1#5694.617172000002
1,0,0,0,0,0#6309.775676000002
0,0,0,0,1,0#6508.687162999999
0,0,1,0,0,0#6736.297965999999
0,1,0,0,0,0#6926.5412910000005
0,0,1,0,0,0#7116.332349000001
0,0,0,0,0,1#7261.016764000002
0,0,0,0,1,0#7478.981483999999
0,1,0,0,0,0#7483.102516
1,0,0,0,0,0#8125.615481000001
0,0,0,0,0,1#8509.170719
0,0,0,0,1,0#8710.051132
0,1,0,0,0,0#8715.824787
1,0,0,0,0,0#9297.362516
0,0,0,0,0,1#9881.541029000002
0,1,0,0,0,0#9892.545049999999
0,1,0,0,0,0#10280.742992
0,0,0,0,1,0#10494.995709999997
0,1,0,0,0,0#10667.970408
0,0,1,0,0,0#10863.025966
1,0,0,0,0,0#11067.697455999998
0,0,0,0,1,0#11076.550507
1,0,0,0,0,0#11511.121439
1,0,0,0,0,0#11910.490086
0,0,0,0,1,0#12085.644767000002
0,1,0,0,0,0#12297.222000999998
0,0,0,0,0,1#12300.007281999999
0,1,0,0,0,0#12746.807622000002
0,1,0,0,0,0#13109.781592000001
0,0,0,0,0,1#13278.646636000001
0,0,0,0,1,0#13478.557092
1,0,0,0,0,0#13479.458212999998
1,0,0,0,0,0#14105.793111
0,1,0,0,0,0#14696.604300999998
0,0,0,1,0,0#14700.834560000001
0,0,1,0,0,0#15648.174207
0,1,0,0,0,0#15865.142232999997
0,0,0,1,0,0#15878.047481999996
0,1,0,0,0,0#16447.57255
0,0,0,1,0,0#16465.571631
0,0,1,0,0,0#16648.316998000002
0,0,0,1,0,0#16837.833852
0,0,0,0,1,0#17061.626272
0,1,0,0,0,0#17064.055428
0,0,0,0,0,1#18070.962310000003
0,0,0,0,1,0#18314.054289999996
0,1,0,0,0,0#18317.605294999998
0,0,1,0,0,0#18954.671717
0,0,0,0,0,1#19531.310174000002
0,1,0,0,0,0#19532.557179
0,1,0,0,0,0#19881.05406
0,0,0,0,1,0#20096.269339
0,1,0,0,0,0#20301.687210999997
0,0,1,0,0,0#20483.533734
1,0,0,0,0,0#20700.734436000002
0,0,0,1,0,0#20757.579535999997
1,0,0,0,0,0#21130.960194
1,0,0,0,0,0#21531.337481
0,0,0,1,0,0#21699.931164
0,0,0,0,1,0#21898.146332
0,1,0,0,0,0#21899.398457
0,1,0,0,0,0#22313.153738999998
0,1,0,0,0,0#22698.131199
0,0,1,0,0,0#22706.180409999997
0,0,0,1,0,0#22873.665329000003
1,0,0,0,0,0#23067.050059999998
0,0,0,0,1,0#23081.683023999998
1,0,0,0,0,0#23735.964028000002
1,0,0,0,0,0#24282.699969999998
0,0,0,1,0,0#24314.440565999997
0,0,0,0,0,1#25301.529059999997
0,0,0,0,1,0#25522.855345
0,1,0,0,0,0#25527.256839999995
0,0,1,0,0,0#26114.755388999998
0,1,0,0,0,0#26701.568996
0,0,0,1,0,0#26720.926015
0,0,0,1,0,0#27670.599245
1,0,0,0,0,0#27882.608834
0,0,1,0,0,0#27883.510523
1,0,0,0,0,0#28516.915574
0,0,1,0,0,0#29066.932869000004
0,1,0,0,0,0#29284.733748
0,0,0,0,1,0#29452.002489
0,0,0,1,0,0#29692.498629
0,1,0,0,0,0#29699.39072
1,0,0,0,0,0#29885.453279
0,1,0,0,0,0#30082.998864
0,0,1,0,0,0#30272.203397999998
0,0,1,0,0,0#30468.974725
0,0,0,1,0,0#30670.055387
0,0,0,0,1,0#30885.758773
0,1,0,0,0,0#30902.608128999997
0,0,0,1,0,0#31318.078611
0,1,0,0,0,0#31323.013724000004
0,1,0,0,0,0#31704.879361
1,0,0,0,0,0#32102.140274
0,1,0,0,0,0#32301.533042000003
0,0,1,0,0,0#32502.982344000004
0,0,1,0,0,0#32691.403517000006
0,0,0,1,0,0#32886.223555000004
0,0,0,0,1,0#33085.486047000006
0,0,0,1,0,0#33287.437109000006
0,1,0,0,0,0#33952.34211600001
0,0,1,0,0,0#34122.303978
0,0,0,1,0,0#34270.19522000001
0,0,0,0,1,0#34491.801398
0,0,0,1,0,0#34704.166543
0,0,1,0,0,0#34885.935128
0,1,0,0,0,0#35097.421908000004
0,0,1,0,0,0#35303.098625000006
0,0,0,1,0,0#35489.937149
0,0,0,0,1,0#35688.80710800001
1,0,0,0,0,0#36339.077444
0,1,0,0,0,0#36539.139794
0,0,1,0,0,0#36716.561498
0,0,0,1,0,0#36919.27088900001
0,0,1,0,0,0#37111.100846
0,1,0,0,0,0#37319.801207000004
1,0,0,0,0,0#37496.012884
0,1,0,0,0,0#37676.197682
0,0,1,0,0,0#37872.401827
0,1,0,0,0,0#38070.560105000004
0,0,1,0,0,0#38706.821548
1,0,0,0,0,0#39304.95718500001
0,1,0,0,0,0#39507.124994
0,0,1,0,0,0#39724.585678
0,0,1,0,0,0#39882.353403
0,0,0,1,0,0#40103.015794
0,0,0,0,1,0#40299.390606
0,0,0,0,1,0#40509.121794
0,1,0,0,0,0#40522.364963
0,1,0,0,0,0#40903.794262
0,0,0,1,0,0#40904.348929
1,0,0,0,0,0#41270.525744000006
0,0,1,0,0,0#41274.244572
0,0,0,1,0,0#41493.120652000005
0,0,0,1,0,0#41689.403872
1,0,0,0,0,0#41725.505572
1,0,0,0,0,0#42088.89483
0,0,1,0,0,0#42091.067418
0,1,0,0,0,0#42489.079833
0,0,0,1,0,0#42506.349598
0,0,0,1,0,0#42908.679313
0,1,0,0,0,0#42921.410481
0,1,0,0,0,0#43278.34284900001
0,0,1,0,0,0#43289.458941
0,0,0,0,0,1#43656.079490000004
0,0,1,0,0,0#43657.220112
0,0,0,0,0,1#44058.047391
0,0,1,0,0,0#44059.004831
0,1,0,0,0,0#44508.08471
0,0,0,0,1,0#44523.68535400001
1,0,0,0,0,0#44890.64211600001
0,0,1,0,0,0#44907.35664500001
0,0,0,1,0,0#45109.093805000004
1,0,0,0,0,0#45323.53198200001
0,0,0,1,0,0#45324.568497
1,0,0,0,0,0#45707.66634900001
0,0,1,0,0,0#45726.003918
0,0,0,1,0,0#46106.009289
1,0,0,0,0,0#46107.044098000006
0,0,0,0,1,0#46325.859307
0,0,0,0,1,0#46523.70754100001
0,1,0,0,0,0#46732.110372999996
0,0,0,1,0,0#46745.728440000006
0,1,0,0,0,0#46923.96877500001
0,0,0,1,0,0#46939.924974999994
0,0,1,0,0,0#47308.199283999995
0,0,0,0,0,1#47490.170393
0,1,0,0,0,0#47726.860665
0,0,0,0,1,0#47730.560151000005
0,0,1,0,0,0#48313.390965
0,0,1,0,0,0#49513.65242699999
0,0,0,1,0,0#49708.758047
0,0,0,0,1,0#49895.789424
0,0,0,1,0,0#50357.186889000004
0,0,0,1,0,0#50733.48708500001
0,1,0,0,0,0#51115.858465000005
1,0,0,0,0,0#51317.349295
0,0,1,0,0,0#51328.130312
1,0,0,0,0,0#52124.760441000006
0,1,0,0,0,0#52297.275475999995
0,0,1,0,0,0#52492.463016
0,1,0,0,0,0#52910.577695
0,0,0,0,0,1#53075.507733000006
0,0,0,0,1,0#53297.210054
0,0,1,0,0,0#53479.613519
0,1,0,0,0,0#53700.544996000004
0,0,0,0,1,0#53712.57187900001
0,1,0,0,0,0#54711.748128
0,0,0,0,0,1#55077.96704100001
0,0,1,0,0,0#55094.192894
0,1,0,0,0,0#55113.71147700001
0,0,1,0,0,0#55545.10630200001
0,1,0,0,0,0#55910.263669
1,0,0,0,0,0#56151.457835
0,0,0,1,0,0#56155.899720999994
0,1,0,0,0,0#56346.221553
0,0,1,0,0,0#56588.888004
0,0,0,1,0,0#56860.209396
0,0,0,0,1,0#57061.783285000005
0,0,0,0,0,1#57287.966745000005
0,1,0,0,0,0#57927.643798000005
0,0,1,0,0,0#58521.148678000005
1,0,0,0,0,0#60146.177976000006
1,0,0,0,0,0#60517.51177
0,0,0,1,0,0#60714.77177300001
0,0,0,0,1,0#60901.580146
0,0,0,1,0,0#62128.672121999996
0,1,0,0,0,0#62328.86645400001
1,0,0,0,0,0#62698.320639000005
0,1,0,0,0,0#62895.851433
0,0,1,0,0,0#63080.864392999996
0,0,0,1,0,0#63285.27533100001
0,1,0,0,0,0#64313.731161
0,0,1,0,0,0#64503.267357
1,0,0,0,0,0#64920.73350300001
1,0,0,0,0,0#65317.250309
0,0,1,0,0,0#65321.788337
0,0,0,1,0,0#65514.52112
0,0,0,0,1,0#65733.67026700001
0,1,0,0,0,0#66114.24111300001
0,0,0,0,1,0#66731.537502
0,0,0,1,0,0#66923.08813399999
0,1,0,0,0,0#67306.406146
0,1,0,0,0,0#67883.13278100001
0,0,1,0,0,0#68087.372483
1,0,0,0,0,0#68485.589699
0,0,1,0,0,0#68490.587389
0,0,1,0,0,0#68698.37411500001
0,1,0,0,0,0#69098.766193
1,0,0,0,0,0#69284.622246
0,0,0,1,0,0#69287.536096
0,0,0,1,0,0#70282.058263
0,0,0,0,1,0#70471.45109900001
0,1,0,0,0,0#70907.069357
0,0,1,0,0,0#71333.719647
0,0,0,1,0,0#71500.90191700001
0,0,0,0,1,0#71701.8176
0,1,0,0,0,0#72137.221386
0,1,0,0,0,0#72502.581277
0,0,0,0,1,0#72933.006146
1,0,0,0,0,0#73317.235518
1,0,0,0,0,0#73700.934116
0,0,0,1,0,0#73899.952554
0,0,1,0,0,0#74066.371944
0,1,0,0,0,0#74517.070312
0,0,1,0,0,0#74701.85571599999
0,1,0,0,0,0#74907.132503
0,0,0,1,0,0#75319.639643
0,0,1,0,0,0#76300.645575
0,1,0,0,0,0#76520.07006400001
1,0,0,0,0,0#77369.572172
0,0,1,0,0,0#77736.49593900001
1,0,0,0,0,0#78694.072745
1,0,0,0,0,0#78873.433791
0,1,0,0,0,0#79286.80905600001
0,1,0,0,0,0#79670.68912899999
0,0,0,1,0,0#79886.293528
0,0,1,0,0,0#80085.997479
0,0,1,0,0,0#81320.028763
0,0,0,1,0,0#81475.326371
0,0,1,0,0,0#81703.601636
0,1,0,0,0,0#81888.7864
1,0,0,0,0,0#82085.50425200001
0,1,0,0,0,0#82253.72360600001
1,0,0,0,0,0#83560.192671
1,0,0,0,0,0#83740.79446500001
0,1,0,0,0,0#84155.59422700001
0,0,1,0,0,0#84355.672506
0,0,0,1,0,0#84527.975915
0,0,0,0,1,0#84725.56871800001
0,0,0,0,0,1#85953.920783
0,0,0,0,1,0#86137.7368
0,0,0,1,0,0#86321.85603400001
0,0,1,0,0,0#86522.605603
0,1,0,0,0,0#86706.579771
1,0,0,0,0,0#88340.575329
1,0,0,0,0,0#88523.43219800001
0,1,0,0,0,0#88921.67785800001
0,0,1,0,0,0#89125.509099
0,0,0,1,0,0#89328.20313000001
0,0,1,0,0,0#89508.134772
0,0,0,1,0,0#90331.89749500001
0,0,0,0,1,0#90709.440145
0,0,0,1,0,0#90923.90733500001
0,0,1,0,0,0#91342.370743
1,0,0,0,0,0#91527.44002200001
0,0,1,0,0,0#91727.179243
0,1,0,0,0,0#91923.601272
0,0,1,0,0,0#92090.226031
1,0,0,0,0,0#92923.244579
0,1,0,0,0,0#93123.863303
0,0,1,0,0,0#93311.30484900001
0,1,0,0,0,0#94107.08392
0,0,1,0,0,0#94300.200704
0,0,0,1,0,0#94526.32499899999
0,1,0,0,0,0#94916.271137
0,0,1,0,0,0#95308.28234199999
0,0,0,0,0,1#95509.36755400001
0,0,0,0,1,0#95708.901407
0,1,0,0,0,0#96948.454897
1,0,0,0,0,0#98908.733926
0,0,0,1,0,0#98925.794908
0,1,0,0,0,0#99331.630686
0,0,0,0,1,0#99336.54531900001
0,1,0,0,0,0#99770.830669
0,0,0,1,0,0#99911.765536
0,1,0,0,0,0#99915.17261200001
0,0,1,0,0,0#100332.662082
1,0,0,0,0,0#100514.211645
0,0,0,1,0,0#100529.240556
1,0,0,0,0,0#100960.307701
1,0,0,0,0,0#101316.82591700001
0,0,0,1,0,0#101548.750037
0,1,0,0,0,0#101682.132333
0,0,0,0,1,0#101704.07665900001
0,1,0,0,0,0#102140.154578
0,1,0,0,0,0#102486.854908
0,0,0,0,0,1#102749.19183600001
1,0,0,0,0,0#102913.03302
0,0,0,0,1,0#102923.77649
1,0,0,0,0,0#103314.909899
1,0,0,0,0,0#103684.763444
0,1,0,0,0,0#104104.471013
0,0,1,0,0,0#104112.05601
0,1,0,0,0,0#104514.845956
0,1,0,0,0,0#104871.52061800001
0,0,1,0,0,0#105127.92460200001
0,0,0,1,0,0#105266.85584100001
1,0,0,0,0,0#105279.50565800001
1,0,0,0,0,0#105749.37672500001
1,0,0,0,0,0#106056.218981
0,0,1,0,0,0#106062.706023
0,0,0,1,0,0#106328.722525
0,1,0,0,0,0#106457.613442
0,0,0,0,1,0#106485.772881
0,1,0,0,0,0#106970.140379
0,1,0,0,0,0#107284.916931
0,0,0,0,0,1#107546.661076
1,0,0,0,0,0#107702.11285399999
0,0,0,0,1,0#107707.829051
1,0,0,0,0,0#108083.827167
0,1,0,0,0,0#108137.05299499999
0,0,1,0,0,0#108279.96532000002
1,0,0,0,0,0#108469.83773000001
0,0,0,0,1,0#108731.352613
0,0,0,0,0,1#108907.34413
0,1,0,0,0,0#108915.697697
0,1,0,0,0,0#109387.28908400002
0,0,0,1,0,0#109530.994441
0,1,0,0,0,0#109668.12571500002
0,0,1,0,0,0#109966.23268
0,0,0,1,0,0#110080.73241000001
1,0,0,0,0,0#110115.73217100001
1,0,0,0,0,0#110549.222215
1,0,0,0,0,0#110886.18543900002
0,0,0,0,1,0#111148.38754099999
0,1,0,0,0,0#111321.548265
0,0,0,0,0,1#111332.952215
0,1,0,0,0,0#111738.360757
0,1,0,0,0,0#112027.101533
0,0,1,0,0,0#112033.875864
0,0,0,0,1,0#112331.640926
1,0,0,0,0,0#112521.28805599999
0,0,0,0,0,1#112535.47444199999
1,0,0,0,0,0#112938.34346300001
1,0,0,0,0,0#113273.56645600002
0,1,0,0,0,0#113685.543391
0,0,0,0,0,1#113706.516055
0,1,0,0,0,0#114117.418927
0,1,0,0,0,0#114444.718434
0,0,0,0,1,0#114732.69860500001
1,0,0,0,0,0#114870.06995
0,0,1,0,0,0#114882.158843
1,0,0,0,0,0#115326.769529
0,1,0,0,0,0#115484.25679200001
1,0,0,0,0,0#115652.73044000001
0,1,0,0,0,0#116059.537311
0,0,0,1,0,0#116070.35701200001
0,1,0,0,0,0#116488.683317
0,1,0,0,0,0#116858.55336000002
0,0,0,0,0,1#117117.38991400001
1,0,0,0,0,0#117286.90861100002
0,0,0,0,1,0#117290.168345
1,0,0,0,0,0#117787.44279800002
1,0,0,0,0,0#118135.798595
0,0,0,0,0,1#118472.784006
0,1,0,0,0,0#118485.63065899999
0,1,0,0,0,0#118919.791422
0,1,0,0,0,0#119118.85821700002
0,0,0,1,0,0#119134.02423000001
0,0,1,0,0,0#119501.53452100001
1,0,0,0,0,0#119685.28056500001
0,0,0,1,0,0#119702.09066700001
1,0,0,0,0,0#120150.328021
1,0,0,0,0,0#120476.69511900001
0,0,0,0,1,0#120710.35833200002
0,0,0,0,0,1#120870.96993300001
0,1,0,0,0,0#120876.27197900001
0,1,0,0,0,0#121318.474558
0,1,0,0,0,0#121655.747258
0,0,0,0,1,0#121902.738404
1,0,0,0,0,0#122071.20408800001
0,0,1,0,0,0#122076.004373
1,0,0,0,0,0#122552.22424200001
1,0,0,0,0,0#122902.25086600002
0,0,0,1,0,0#123306.71277700002
0,1,0,0,0,0#123321.507874
0,1,0,0,0,0#123738.64235699999
0,1,0,0,0,0#124085.783576
0,0,1,0,0,0#124338.081319
0,0,0,1,0,0#124491.26038499999
1,0,0,0,0,0#124505.77502
1,0,0,0,0,0#124971.230939
1,0,0,0,0,0#125270.752731
0,0,0,0,1,0#125491.130678
0,0,0,0,0,1#125670.32162700001
0,1,0,0,0,0#125675.817664
1,0,0,0,0,0#126304.21307799999
0,0,0,1,0,0#126308.08607499998
1,0,0,0,0,0#126885.995999
0,0,0,0,0,1#126888.45473799999
0,0,0,0,1,0#127175.333539
0,1,0,0,0,0#127180.442163
1,0,0,0,0,0#127487.68548599999
0,0,0,0,0,1#127492.07617200002
0,1,0,0,0,0#128105.776613
0,0,0,0,0,1#128107.26312
0,1,0,0,0,0#128521.354616
0,0,0,1,0,0#128711.940412
0,1,0,0,0,0#128870.15699
0,0,1,0,0,0#129108.27119199999
0,0,0,1,0,0#129291.05638099997
1,0,0,0,0,0#129308.047391
1,0,0,0,0,0#129771.02466
1,0,0,0,0,0#130106.65099499999
0,0,0,0,1,0#130324.454151
0,1,0,0,0,0#130473.34094899998
0,0,0,0,0,1#130489.881398
0,1,0,0,0,0#130939.78901
0,1,0,0,0,0#131241.559052
0,0,1,0,0,0#131242.931781
0,0,0,0,1,0#131492.811176
1,0,0,0,0,0#131723.260166
0,0,0,0,0,1#131725.453234
1,0,0,0,0,0#132205.409566
1,0,0,0,0,0#132523.00325599997
0,1,0,0,0,0#132923.89424999998
0,0,0,0,1,0#132939.067659
0,1,0,0,0,0#133308.885933
0,1,0,0,0,0#133642.924499
0,0,0,1,0,0#133911.03223799999
1,0,0,0,0,0#134058.346057
0,0,1,0,0,0#134072.612657
1,0,0,0,0,0#134542.062746
0,1,0,0,0,0#134709.997656
1,0,0,0,0,0#134862.302339
0,1,0,0,0,0#135306.994377
0,0,0,0,1,0#135310.76269799998
0,1,0,0,0,0#135743.144545
0,1,0,0,0,0#136057.692973
0,0,0,0,0,1#136324.76590199998
1,0,0,0,0,0#136523.80538999996
0,0,0,0,1,0#136541.489875
1,0,0,0,0,0#136958.979345
1,0,0,0,0,0#137259.845421
0,0,1,0,0,0#137275.39543499998
0,0,0,1,0,0#137692.669864
1,0,0,0,0,0#138156.791739
1,0,0,0,0,0#138326.186418
0,0,1,0,0,0#138526.56222599998
0,0,0,0,0,1#138757.666576
0,1,0,0,0,0#138874.64438699998
0,0,0,0,1,0#138908.502388
0,1,0,0,0,0#139292.53151099998
0,0,0,1,0,0#139318.079749
1,0,0,0,0,0#139627.07013
0,0,1,0,0,0#139811.08184499998
0,0,0,1,0,0#139996.70635999998
0,1,0,0,0,0#140117.58390499998
1,0,0,0,0,0#140525.73278599998
0,0,1,0,0,0#140533.998744
0,1,0,0,0,0#140826.334329
0,0,0,1,0,0#140842.92597799998
0,1,0,0,0,0#141226.141021
0,0,0,1,0,0#141226.761679
1,0,0,0,0,0#141692.892869
0,0,1,0,0,0#141709.34684699998
0,0,0,0,0,1#142076.300765
0,1,0,0,0,0#142093.070476
0,0,1,0,0,0#142504.166202
0,0,0,0,0,1#142515.47685399998
0,0,0,1,0,0#142928.923798
0,1,0,0,0,0#142935.347693
1,0,0,0,0,0#143211.09902499997
0,0,1,0,0,0#143212.365941
0,0,0,1,0,0#143527.6818
0,0,0,1,0,0#143693.92141999997
0,1,0,0,0,0#143694.55971399997
0,1,0,0,0,0#144110.42557399996
0,0,0,1,0,0#144126.25206799997
1,0,0,0,0,0#144443.51750899997
0,0,1,0,0,0#144445.229865
0,0,0,0,0,1#144728.91606099997
0,0,0,0,0,1#144894.903095
1,0,0,0,0,0#145026.50476799998
0,0,1,0,0,0#145029.60976499997
1,0,0,0,0,0#145362.10436599999
0,0,1,0,0,0#145365.796456
0,1,0,0,0,0#145662.590425
0,0,1,0,0,0#145961.001176
0,0,0,0,1,0#146076.991965
0,1,0,0,0,0#146111.678268
1,0,0,0,0,0#146697.36774999998
0,0,1,0,0,0#146710.250243
0,1,0,0,0,0#147463.761995
1,0,0,0,0,0#147761.379146
0,1,0,0,0,0#147911.322371
0,0,1,0,0,0#148073.211128
0,0,0,1,0,0#148380.177402
0,0,0,0,1,0#148531.114476
1,0,0,0,0,0#148695.494399
0,0,0,1,0,0#148967.720894
0,0,1,0,0,0#149080.524766
0,1,0,0,0,0#149255.127624
0,0,1,0,0,0#149529.02494699997
1,0,0,0,0,0#149696.735714
0,0,0,1,0,0#149845.73003199996
0,0,1,0,0,0#150154.496271
0,0,0,0,0,1#150313.518965
0,0,0,0,1,0#150474.622656
0,0,0,0,1,0#150779.712734
0,0,1,0,0,0#150914.289127
0,1,0,0,0,0#151079.21063199997
0,0,1,0,0,0#151347.576646
0,1,0,0,0,0#151500.370574
1,0,0,0,0,0#151682.523159
0,0,1,0,0,0#151946.66915399997
0,0,0,1,0,0#152103.75819499997
0,1,0,0,0,0#152263.275822
1,0,0,0,0,0#152567.19114399998
0,1,0,0,0,0#152731.363422
0,0,1,0,0,0#152886.118311
0,0,0,0,0,1#153197.472426
0,0,0,0,1,0#153598.872576
0,0,1,0,0,0#153899.924679
0,1,0,0,0,0#154232.03869299998
0,0,0,0,1,0#154531.86029
0,0,0,1,0,0#154855.026248
0,1,0,0,0,0#155403.272591
0,0,0,1,0,0#156281.554227
1,0,0,0,0,0#156315.32518800002
0,0,0,0,1,0#156332.262153
0,0,0,0,0,1#156454.529494
0,1,0,0,0,0#156664.430781
0,0,1,0,0,0#157035.55920599998
0,0,0,1,0,0#157435.94559599998
0,1,0,0,0,0#157883.52133199997
0,0,1,0,0,0#158363.261486
0,0,0,0,1,0#158900.30526599998
0,0,0,0,0,1#159501.90941899997
1,0,0,0,0,0#160219.072574
0,0,0,0,0,1#160233.598587
