0,1,0,0,0,0#0#
0,0,1,0,0,0#200#
0,0,0,1,0,0#400#
0,0,0,0,1,0#600#
0,1,0,0,0,0#1200#
0,0,1,0,0,0#1400#
0,0,0,1,0,0#1600#
0,0,0,0,1,0#1800#
0,0,0,1,0,0#2000#
0,0,1,0,0,0#2200#
0,1,0,0,0,0#2400#
0,0,0,0,0,1#2400#
0,0,0,0,1,0#2600#
0,0,0,1,0,0#2800#
0,0,0,0,1,0#3000#
0,0,0,1,0,0#3200#
0,0,1,0,0,0#3400#
0,1,0,0,0,0#3600#
0,0,0,0,1,0#3600#
0,0,0,1,0,0#3800#
0,0,1,0,0,0#4000#
0,1,0,0,0,0#4200#
1,0,0,0,0,0#4400#
0,0,1,0,0,0#4600#
0,0,0,0,0,1#4800#
0,1,0,0,0,0#4800#
0,0,0,0,1,0#5000#
0,0,1,0,0,0#5200#
0,0,0,0,0,1#5400#
1,0,0,0,0,0#6000#
0,0,0,0,1,0#6200#
0,0,1,0,0,0#6400#
0,1,0,0,0,0#6600#
0,0,1,0,0,0#6800#
0,0,0,0,0,1#7000#
0,0,0,0,1,0#7200#
0,1,0,0,0,0#7200#
1,0,0,0,0,0#7800#
0,0,0,0,0,1#8200#
0,0,0,0,1,0#8400#
0,1,0,0,0,0#8400#
1,0,0,0,0,0#9000#
0,1,0,0,0,0#9600#
0,0,0,0,0,1#9600#
0,1,0,0,0,0#10000#
0,0,0,0,1,0#10200#
0,1,0,0,0,0#10400#
0,0,1,0,0,0#10600#
1,0,0,0,0,0#10800#
0,0,0,0,1,0#10800#
1,0,0,0,0,0#11200#
1,0,0,0,0,0#11600#
0,0,0,0,1,0#11800#
0,1,0,0,0,0#12000#
0,0,0,0,0,1#12000#
0,1,0,0,0,0#12400#
0,1,0,0,0,0#12800#
0,0,0,0,0,1#13000#
0,0,0,0,1,0#13200#
1,0,0,0,0,0#13200#
1,0,0,0,0,0#13800#
0,1,0,0,0,0#14400#
0,0,0,1,0,0#14400#
0,0,1,0,0,0#15400#
0,1,0,0,0,0#15600#
0,0,0,1,0,0#15600#
0,1,0,0,0,0#16200#
0,0,0,1,0,0#16200#
0,0,1,0,0,0#16400#
0,0,0,1,0,0#16600#
0,0,0,0,1,0#16800#
0,1,0,0,0,0#16800#
0,0,0,0,0,1#17800#
0,0,0,0,1,0#18000#
0,1,0,0,0,0#18000#
0,0,1,0,0,0#18600#
0,0,0,0,0,1#19200#
0,1,0,0,0,0#19200#
0,1,0,0,0,0#19600#
0,0,0,0,1,0#19800#
0,1,0,0,0,0#20000#
0,0,1,0,0,0#20200#
1,0,0,0,0,0#20400#
0,0,0,1,0,0#20400#
1,0,0,0,0,0#20800#
1,0,0,0,0,0#21200#
0,0,0,1,0,0#21400#
0,0,0,0,1,0#21600#
0,1,0,0,0,0#21600#
0,1,0,0,0,0#22000#
0,1,0,0,0,0#22400#
0,0,1,0,0,0#22400#
0,0,0,1,0,0#22600#
1,0,0,0,0,0#22800#
0,0,0,0,1,0#22800#
1,0,0,0,0,0#23400#
1,0,0,0,0,0#24000#
0,0,0,1,0,0#24000#
0,0,0,0,0,1#25000#
0,0,0,0,1,0#25200#
0,1,0,0,0,0#25200#
0,0,1,0,0,0#25800#
0,1,0,0,0,0#26400#
0,0,0,1,0,0#26400#
0,0,0,1,0,0#27400#
1,0,0,0,0,0#27600#
0,0,1,0,0,0#27600#
1,0,0,0,0,0#28200#
0,0,1,0,0,0#28800#
0,1,0,0,0,0#29000#
0,0,0,0,1,0#29200#
0,0,0,1,0,0#29400#
0,1,0,0,0,0#29400#
1,0,0,0,0,0#29600#
0,1,0,0,0,0#29800#
0,0,1,0,0,0#30000#
0,0,1,0,0,0#30200#
0,0,0,1,0,0#30400#
0,0,0,0,1,0#30600#
0,1,0,0,0,0#30600#
0,0,0,1,0,0#31000#
0,1,0,0,0,0#31000#
0,1,0,0,0,0#31400#
1,0,0,0,0,0#31800#
0,1,0,0,0,0#32000#
0,0,1,0,0,0#32200#
0,0,1,0,0,0#32400#
0,0,0,1,0,0#32600#
0,0,0,0,1,0#32800#
0,0,0,1,0,0#33000#
0,1,0,0,0,0#33600#
0,0,1,0,0,0#33800#
0,0,0,1,0,0#34000#
0,0,0,0,1,0#34200#
0,0,0,1,0,0#34400#
0,0,1,0,0,0#34600#
0,1,0,0,0,0#34800#
0,0,1,0,0,0#35000#
0,0,0,1,0,0#35200#
0,0,0,0,1,0#35400#
1,0,0,0,0,0#36000#
0,1,0,0,0,0#36200#
0,0,1,0,0,0#36400#
0,0,0,1,0,0#36600#
0,0,1,0,0,0#36800#
0,1,0,0,0,0#37000#
1,0,0,0,0,0#37200#
0,1,0,0,0,0#37400#
0,0,1,0,0,0#37600#
0,1,0,0,0,0#37800#
0,0,1,0,0,0#38400#
1,0,0,0,0,0#39000#
0,1,0,0,0,0#39200#
0,0,1,0,0,0#39400#
0,0,1,0,0,0#39600#
0,0,0,1,0,0#39800#
0,0,0,0,1,0#40000#
0,0,0,0,1,0#40200#
0,1,0,0,0,0#40200#
0,1,0,0,0,0#40600#
0,0,0,1,0,0#40600#
1,0,0,0,0,0#41000#
0,0,1,0,0,0#41000#
0,0,0,1,0,0#41200#
0,0,0,1,0,0#41400#
1,0,0,0,0,0#41400#
1,0,0,0,0,0#41800#
0,0,1,0,0,0#41800#
0,1,0,0,0,0#42200#
0,0,0,1,0,0#42200#
0,0,0,1,0,0#42600#
0,1,0,0,0,0#42600#
0,1,0,0,0,0#43000#
0,0,1,0,0,0#43000#
0,0,0,0,0,1#43400#
0,0,1,0,0,0#43400#
0,0,0,0,0,1#43800#
0,0,1,0,0,0#43800#
0,1,0,0,0,0#44200#
0,0,0,0,1,0#44200#
1,0,0,0,0,0#44600#
0,0,1,0,0,0#44600#
0,0,0,1,0,0#44800#
1,0,0,0,0,0#45000#
0,0,0,1,0,0#45000#
1,0,0,0,0,0#45400#
0,0,1,0,0,0#45400#
0,0,0,1,0,0#45800#
1,0,0,0,0,0#45800#
0,0,0,0,1,0#46000#
0,0,0,0,1,0#46200#
0,1,0,0,0,0#46400#
0,0,0,1,0,0#46400#
0,1,0,0,0,0#46600#
0,0,0,1,0,0#46600#
0,0,1,0,0,0#47000#
0,0,0,0,0,1#47200#
0,1,0,0,0,0#47400#
0,0,0,0,1,0#47400#
0,0,1,0,0,0#48000#
0,0,1,0,0,0#49200#
0,0,0,1,0,0#49400#
0,0,0,0,1,0#49600#
0,0,0,1,0,0#50100#
0,0,0,1,0,0#50400#
0,1,0,0,0,0#50800#
1,0,0,0,0,0#51000#
0,0,1,0,0,0#51000#
1,0,0,0,0,0#51800#
0,1,0,0,0,0#52000#
0,0,1,0,0,0#52200#
0,1,0,0,0,0#52600#
0,0,0,0,0,1#52800#
0,0,0,0,1,0#53000#
0,0,1,0,0,0#53200#
0,1,0,0,0,0#53400#
0,0,0,0,1,0#53400#
0,1,0,0,0,0#54400#
0,0,0,0,0,1#54800#
0,0,1,0,0,0#54800#
0,1,0,0,0,0#54800#
0,0,1,0,0,0#55200#
0,1,0,0,0,0#55600#
1,0,0,0,0,0#55800#
0,0,0,1,0,0#55800#
1,0,0,0,0,0#56000#
0,1,0,0,0,0#56200#
0,0,1,0,0,0#56400#
0,0,0,1,0,0#56600#
0,0,0,0,1,0#56800#
0,0,0,0,0,1#57000#
0,1,0,0,0,0#57600#
0,0,1,0,0,0#58200#
1,0,0,0,0,0#59800#
1,0,0,0,0,0#60200#
0,0,0,1,0,0#60400#
0,0,0,0,1,0#60600#
0,0,0,1,0,0#61800#
0,1,0,0,0,0#62000#
1,0,0,0,0,0#62400#
0,1,0,0,0,0#62600#
0,0,1,0,0,0#62800#
0,0,0,1,0,0#63000#
0,1,0,0,0,0#64000#
0,0,1,0,0,0#64200#
1,0,0,0,0,0#64600#
1,0,0,0,0,0#65000#
0,0,1,0,0,0#65000#
0,0,0,1,0,0#65200#
0,0,0,0,1,0#65400#
0,1,0,0,0,0#65800#
0,0,0,0,1,0#66400#
0,0,0,1,0,0#66600#
0,1,0,0,0,0#67000#
0,1,0,0,0,0#67600#
0,0,1,0,0,0#67800#
1,0,0,0,0,0#68200#
0,0,1,0,0,0#68200#
0,0,1,0,0,0#68400#
0,1,0,0,0,0#68800#
1,0,0,0,0,0#69000#
0,0,0,1,0,0#69000#
0,0,0,1,0,0#70000#
0,0,0,0,1,0#70200#
0,1,0,0,0,0#70600#
0,0,1,0,0,0#71000#
0,0,0,1,0,0#71200#
0,0,0,0,1,0#71400#
0,1,0,0,0,0#71800#
0,1,0,0,0,0#72200#
0,0,0,0,1,0#72600#
1,0,0,0,0,0#73000#
1,0,0,0,0,0#73400#
0,0,0,1,0,0#73600#
0,0,1,0,0,0#73800#
0,1,0,0,0,0#74200#
0,0,1,0,0,0#74400#
0,1,0,0,0,0#74600#
0,0,0,1,0,0#75000#
0,0,1,0,0,0#76000#
0,1,0,0,0,0#76200#
1,0,0,0,0,0#77100#
0,0,1,0,0,0#77400#
1,0,0,0,0,0#78400#
1,0,0,0,0,0#78600#
0,1,0,0,0,0#79000#
0,1,0,0,0,0#79400#
0,0,0,1,0,0#79600#
0,0,1,0,0,0#79800#
0,0,1,0,0,0#81000#
0,0,0,1,0,0#81200#
0,0,1,0,0,0#81400#
0,1,0,0,0,0#81600#
1,0,0,0,0,0#81800#
0,1,0,0,0,0#82000#
1,0,0,0,0,0#83300#
1,0,0,0,0,0#83400#
0,1,0,0,0,0#83900#
0,0,1,0,0,0#84100#
0,0,0,1,0,0#84200#
0,0,0,0,1,0#84400#
0,0,0,0,0,1#85700#
0,0,0,0,1,0#85800#
0,0,0,1,0,0#86000#
0,0,1,0,0,0#86200#
0,1,0,0,0,0#86400#
1,0,0,0,0,0#88000#
1,0,0,0,0,0#88200#
0,1,0,0,0,0#88600#
0,0,1,0,0,0#88800#
0,0,0,1,0,0#89000#
0,0,1,0,0,0#89200#
0,0,0,1,0,0#90000#
0,0,0,0,1,0#90400#
0,0,0,1,0,0#90600#
0,0,1,0,0,0#91000#
1,0,0,0,0,0#91200#
0,0,1,0,0,0#91400#
0,1,0,0,0,0#91600#
0,0,1,0,0,0#91800#
1,0,0,0,0,0#92600#
0,1,0,0,0,0#92800#
0,0,1,0,0,0#93000#
0,1,0,0,0,0#93800#
0,0,1,0,0,0#94000#
0,0,0,1,0,0#94200#
0,1,0,0,0,0#94600#
0,0,1,0,0,0#95000#
0,0,0,0,0,1#95200#
0,0,0,0,1,0#95400#
0,1,0,0,0,0#96600#
1,0,0,0,0,0#98600#
0,0,0,1,0,0#98600#:::::여기부터 반박자, 2박자 노트 들어감
0,1,0,0,0,0#99000#
0,0,0,0,1,0#99000#
0,1,0,0,0,0#99500#
0,0,0,1,0,0#99600#
0,1,0,0,0,0#99600#
0,0,1,0,0,0#100000#
1,0,0,0,0,0#100200#
0,0,0,1,0,0#100200#
1,0,0,0,0,0#100700#
1,0,0,0,0,0#101000#
0,0,0,1,0,0#101200#
0,1,0,0,0,0#101400#
0,0,0,0,1,0#101400#
0,1,0,0,0,0#101800#
0,1,0,0,0,0#102200#
0,0,0,0,0,1#102400#
1,0,0,0,0,0#102600#
0,0,0,0,1,0#102600#
1,0,0,0,0,0#103000#
1,0,0,0,0,0#103400#
0,1,0,0,0,0#103800#
0,0,1,0,0,0#103800#
0,1,0,0,0,0#104200#
0,1,0,0,0,0#104600#
0,0,1,0,0,0#104800#
0,0,0,1,0,0#105000#
1,0,0,0,0,0#105000#
1,0,0,0,0,0#105400#
1,0,0,0,0,0#105800#
0,0,1,0,0,0#105800#
0,0,0,1,0,0#106000#
0,1,0,0,0,0#106200#
0,0,0,0,1,0#106200#
0,1,0,0,0,0#106700#
0,1,0,0,0,0#107000#
0,0,0,0,0,1#107200#
1,0,0,0,0,0#107400#
0,0,0,0,1,0#107400#
1,0,0,0,0,0#107800#
0,1,0,0,0,0#107800#
0,0,1,0,0,0#108000#
1,0,0,0,0,0#108200#
0,0,0,0,1,0#108400#
0,0,0,0,0,1#108600#
0,1,0,0,0,0#108600#
0,1,0,0,0,0#109100#
0,0,0,1,0,0#109200#
0,1,0,0,0,0#109400#
0,0,1,0,0,0#109700#
0,0,0,1,0,0#109800#
1,0,0,0,0,0#109800#
1,0,0,0,0,0#110200#
1,0,0,0,0,0#110600#
0,0,0,0,1,0#110800#
0,1,0,0,0,0#111000#
0,0,0,0,0,1#111000#
0,1,0,0,0,0#111400#
0,1,0,0,0,0#111700#
0,0,1,0,0,0#111700#
0,0,0,0,1,0#112000#
1,0,0,0,0,0#112200#
0,0,0,0,0,1#112200#
1,0,0,0,0,0#112600#
1,0,0,0,0,0#113000#
0,1,0,0,0,0#113400#
0,0,0,0,0,1#113400#
0,1,0,0,0,0#113800#
0,1,0,0,0,0#114100#
0,0,0,0,1,0#114400#
1,0,0,0,0,0#114600#
0,0,1,0,0,0#114600#
1,0,0,0,0,0#115000#
0,1,0,0,0,0#115200#
1,0,0,0,0,0#115400#
0,1,0,0,0,0#115800#
0,0,0,1,0,0#115800#
0,1,0,0,0,0#116200#
0,1,0,0,0,0#116600#
0,0,0,0,0,1#116800#
1,0,0,0,0,0#117000#
0,0,0,0,1,0#117000#
1,0,0,0,0,0#117500#
1,0,0,0,0,0#117800#
0,0,0,0,0,1#118200#
0,1,0,0,0,0#118200#
0,1,0,0,0,0#118600#
0,1,0,0,0,0#118800#
0,0,0,1,0,0#118800#
0,0,1,0,0,0#119200#
1,0,0,0,0,0#119400#
0,0,0,1,0,0#119400#
1,0,0,0,0,0#119900#
1,0,0,0,0,0#120200#
0,0,0,0,1,0#120400#
0,0,0,0,0,1#120600#
0,1,0,0,0,0#120600#
0,1,0,0,0,0#121000#
0,1,0,0,0,0#121400#
0,0,0,0,1,0#121600#
1,0,0,0,0,0#121800#
0,0,1,0,0,0#121800#
1,0,0,0,0,0#122300#
1,0,0,0,0,0#122600#
0,0,0,1,0,0#123000#
0,1,0,0,0,0#123000#
0,1,0,0,0,0#123400#
0,1,0,0,0,0#123800#
0,0,1,0,0,0#124000#
0,0,0,1,0,0#124200#
1,0,0,0,0,0#124200#
1,0,0,0,0,0#124700#
1,0,0,0,0,0#125000#
0,0,0,0,1,0#125200#
0,0,0,0,0,1#125400#
0,1,0,0,0,0#125400#
1,0,0,0,0,0#126000#
0,0,0,1,0,0#126000#:::::: 여기부터 싱크가 맞음
1,0,0,0,0,0#126785#
0,0,0,0,0,1#126788#
0,0,0,0,1,0#127075#
0,1,0,0,0,0#127080#
1,0,0,0,0,0#127387#
0,0,0,0,0,1#127392#
0,1,0,0,0,0#128005#
0,0,0,0,0,1#128007#
0,1,0,0,0,0#128421#
0,0,0,1,0,0#128611#
0,1,0,0,0,0#128770#
0,0,1,0,0,0#129008#
0,0,0,1,0,0#129191#
1,0,0,0,0,0#129208#
1,0,0,0,0,0#129671#
1,0,0,0,0,0#130006#
0,0,0,0,1,0#130224#
0,1,0,0,0,0#130373#
0,0,0,0,0,1#130389#
0,1,0,0,0,0#130839#
0,1,0,0,0,0#131141#
0,0,1,0,0,0#131142#
0,0,0,0,1,0#131392#
1,0,0,0,0,0#131623#
0,0,0,0,0,1#131625#
1,0,0,0,0,0#132105#
1,0,0,0,0,0#132423#
0,1,0,0,0,0#132823#
0,0,0,0,1,0#132839#
0,1,0,0,0,0#133208#
0,1,0,0,0,0#133542#
0,0,0,1,0,0#133811#
1,0,0,0,0,0#133958#
0,0,1,0,0,0#133972#
1,0,0,0,0,0#134442#
0,1,0,0,0,0#134609#
1,0,0,0,0,0#134762#
0,1,0,0,0,0#135206#
0,0,0,0,1,0#135210#
0,1,0,0,0,0#135643#
0,1,0,0,0,0#135957#
0,0,0,0,0,1#136224#
1,0,0,0,0,0#136423#
0,0,0,0,1,0#136441#
1,0,0,0,0,0#136858#
1,0,0,0,0,0#137159#
0,0,1,0,0,0#137175#
0,0,0,1,0,0#137592#
1,0,0,0,0,0#138056#
1,0,0,0,0,0#138226#
0,0,1,0,0,0#138426#
0,0,0,0,0,1#138657#
0,1,0,0,0,0#138774#
0,0,0,0,1,0#138808#
0,1,0,0,0,0#139192#
0,0,0,1,0,0#139218#
1,0,0,0,0,0#139527#
0,0,1,0,0,0#139711#
0,0,0,1,0,0#139896#
0,1,0,0,0,0#140017#
1,0,0,0,0,0#140425#
0,0,1,0,0,0#140433#
0,1,0,0,0,0#140726#
0,0,0,1,0,0#140742#
0,1,0,0,0,0#141126#
0,0,0,1,0,0#141126#
1,0,0,0,0,0#141592#
0,0,1,0,0,0#141609#
0,0,0,0,0,1#141976#
0,1,0,0,0,0#141993#
0,0,1,0,0,0#142404#
0,0,0,0,0,1#142415#
0,0,0,1,0,0#142828#
0,1,0,0,0,0#142835#
1,0,0,0,0,0#143111#
0,0,1,0,0,0#143112#
0,0,0,1,0,0#143427#
0,0,0,1,0,0#143593#
0,1,0,0,0,0#143594#
0,1,0,0,0,0#144010#
0,0,0,1,0,0#144026#
1,0,0,0,0,0#144343#
0,0,1,0,0,0#144345#
0,0,0,0,0,1#144628#
0,0,0,0,0,1#144794#
1,0,0,0,0,0#144926#
0,0,1,0,0,0#144929#
1,0,0,0,0,0#145262#
0,0,1,0,0,0#145265#
0,1,0,0,0,0#145562#
0,0,1,0,0,0#145861#
0,0,0,0,1,0#145976#
0,1,0,0,0,0#146011#
1,0,0,0,0,0#146597#
0,0,1,0,0,0#146610#
0,1,0,0,0,0#147363#
1,0,0,0,0,0#147661#
0,1,0,0,0,0#147811#
0,0,1,0,0,0#147973#
0,0,0,1,0,0#148280#
0,0,0,0,1,0#148431#
1,0,0,0,0,0#148595#
0,0,0,1,0,0#148867#
0,0,1,0,0,0#148980#
0,1,0,0,0,0#149155#
0,0,1,0,0,0#149429#
1,0,0,0,0,0#149596#
0,0,0,1,0,0#149745#
0,0,1,0,0,0#150054#
0,0,0,0,0,1#150213#
0,0,0,0,1,0#150374#
0,0,0,0,1,0#150679#
0,0,1,0,0,0#150814#
0,1,0,0,0,0#150979#
0,0,1,0,0,0#151247#
0,1,0,0,0,0#151400#
1,0,0,0,0,0#151582#
0,0,1,0,0,0#151846#
0,0,0,1,0,0#152003#
0,1,0,0,0,0#152163#
1,0,0,0,0,0#152467#
0,1,0,0,0,0#152631#
0,0,1,0,0,0#152786#
0,0,0,0,0,1#153097#
0,0,0,0,1,0#153498#
0,0,1,0,0,0#153799#
0,1,0,0,0,0#154132#
0,0,0,0,1,0#154431#
0,0,0,1,0,0#154755#
0,1,0,0,0,0#155303#
0,0,0,1,0,0#156181#
1,0,0,0,0,0#156215#
0,0,0,0,1,0#156232#
0,0,0,0,0,1#156354#
0,1,0,0,0,0#156564#
0,0,1,0,0,0#156935#
0,0,0,1,0,0#157335#
0,1,0,0,0,0#157783#
0,0,1,0,0,0#158263#
0,0,0,0,1,0#158800#
0,0,0,0,0,1#159401#
1,0,0,0,0,0#160100#
0,0,0,0,0,1#160100#
