0,1,0,0,0,0#0#->
0,0,1,0,0,0#199#->
0,0,0,1,0,0#400#->
0,0,0,0,1,0#600#->
0,1,0,0,0,0#1200#->
0,0,1,0,0,0#1400#->
0,0,0,1,0,0#1600#->
0,0,0,0,1,0#1800#->
0,0,0,1,0,0#2000#<-
0,0,1,0,0,0#2200#<-
0,1,0,0,0,0#2600#<-
0,0,0,0,0,1#2600#-
0,0,0,0,1,0#2750#<-
0,0,0,1,0,0#2950#<-
0,0,0,0,1,0#3150#->
0,0,0,1,0,0#3350#<-
0,0,1,0,0,0#3550#:
0,1,0,0,0,0#3750#:
0,0,0,0,1,0#3750#
0,0,0,1,0,0#3949#:
0,0,1,0,0,0#4149#:
0,0,0,1,0,0#4350#:
0,0,1,0,0,0#4550#:
1,0,0,0,0,0#4750#:-
0,1,0,0,0,0#4949#:
0,0,0,0,0,1#4949#
0,0,0,0,1,0#5157#
0,0,1,0,0,0#5408#
0,0,0,0,0,1#5594#
1,0,0,0,0,0#6209#
0,0,0,0,1,0#6408#
0,0,1,0,0,0#6636#
0,1,0,0,0,0#6826#
0,0,1,0,0,0#7016#
0,0,0,0,0,1#7161#
0,0,0,0,1,0#7380#
0,1,0,0,0,0#7380#
1,0,0,0,0,0#8000#
0,0,0,0,0,1#8400#
0,0,0,0,1,0#8600#
0,1,0,0,0,0#8600#
1,0,0,0,0,0#9197#
0,0,0,0,0,1#9781#
0,1,0,0,0,0#9792#
0,1,0,0,0,0#10180#
0,0,0,0,1,0#10394#
0,1,0,0,0,0#10567#
0,0,1,0,0,0#10763#
1,0,0,0,0,0#10967#
0,0,0,0,1,0#10976#
1,0,0,0,0,0#11411#
1,0,0,0,0,0#11810#
0,0,0,0,1,0#11985#
0,1,0,0,0,0#12197#
0,0,0,0,0,1#12200#
0,1,0,0,0,0#12646#
0,1,0,0,0,0#13009#
0,0,0,0,0,1#13178#
0,0,0,0,1,0#13378#
1,0,0,0,0,0#13379#
1,0,0,0,0,0#14005#
0,1,0,0,0,0#14596#
0,0,0,1,0,0#14600#
0,0,1,0,0,0#15548#
0,1,0,0,0,0#15765#
0,0,0,1,0,0#15778#
0,1,0,0,0,0#16347#
0,0,0,1,0,0#16365#
0,0,1,0,0,0#16548#
0,0,0,1,0,0#16737#
0,0,0,0,1,0#16961#
0,1,0,0,0,0#16964#
0,0,0,0,0,1#17970#
0,0,0,0,1,0#18214#
0,1,0,0,0,0#18217#
0,0,1,0,0,0#18854#
0,0,0,0,0,1#19431#
0,1,0,0,0,0#19432#
0,1,0,0,0,0#19781#
0,0,0,0,1,0#19996#
0,1,0,0,0,0#20201#
0,0,1,0,0,0#20383#
1,0,0,0,0,0#20600#
0,0,0,1,0,0#20657#
1,0,0,0,0,0#21030#
1,0,0,0,0,0#21431#
0,0,0,1,0,0#21599#
0,0,0,0,1,0#21798#
0,1,0,0,0,0#21799#
0,1,0,0,0,0#22213#
0,1,0,0,0,0#22598#
0,0,1,0,0,0#22606#
0,0,0,1,0,0#22773#
1,0,0,0,0,0#22967#
0,0,0,0,1,0#22981#
1,0,0,0,0,0#23635#
1,0,0,0,0,0#24182#
0,0,0,1,0,0#24214#
0,0,0,0,0,1#25201#
0,0,0,0,1,0#25422#
0,1,0,0,0,0#25427#
0,0,1,0,0,0#26014#
0,1,0,0,0,0#26601#
0,0,0,1,0,0#26620#
0,0,0,1,0,0#27570#
1,0,0,0,0,0#27782#
0,0,1,0,0,0#27783#
1,0,0,0,0,0#28416#
0,0,1,0,0,0#28966#
0,1,0,0,0,0#29184#
0,0,0,0,1,0#29352#
0,0,0,1,0,0#29592#
0,1,0,0,0,0#29599#
1,0,0,0,0,0#29785#
0,1,0,0,0,0#29982#
0,0,1,0,0,0#30172#
0,0,1,0,0,0#30368#
0,0,0,1,0,0#30570#
0,0,0,0,1,0#30785#
0,1,0,0,0,0#30802#
0,0,0,1,0,0#31218#
0,1,0,0,0,0#31223#
0,1,0,0,0,0#31604#
1,0,0,0,0,0#32002#
0,1,0,0,0,0#32201#
0,0,1,0,0,0#32402#
0,0,1,0,0,0#32591#
0,0,0,1,0,0#32786#
0,0,0,0,1,0#32985#
0,0,0,1,0,0#33187#
0,1,0,0,0,0#33852#
0,0,1,0,0,0#34022#
0,0,0,1,0,0#34170#
0,0,0,0,1,0#34391#
0,0,0,1,0,0#34604#
0,0,1,0,0,0#34785#
0,1,0,0,0,0#34997#
0,0,1,0,0,0#35203#
0,0,0,1,0,0#35389#
0,0,0,0,1,0#35588#
1,0,0,0,0,0#36239#
0,1,0,0,0,0#36439#
0,0,1,0,0,0#36616#
0,0,0,1,0,0#36819#
0,0,1,0,0,0#37011#
0,1,0,0,0,0#37219#
1,0,0,0,0,0#37396#
0,1,0,0,0,0#37576#
0,0,1,0,0,0#37772#
0,1,0,0,0,0#37970#
0,0,1,0,0,0#38606#
1,0,0,0,0,0#39204#
0,1,0,0,0,0#39407#
0,0,1,0,0,0#39624#
0,0,1,0,0,0#39782#
0,0,0,1,0,0#40003#
0,0,0,0,1,0#40199#
0,0,0,0,1,0#40409#
0,1,0,0,0,0#40422#
0,1,0,0,0,0#40803#
0,0,0,1,0,0#40804#
1,0,0,0,0,0#41170#
0,0,1,0,0,0#41174#
0,0,0,1,0,0#41393#
0,0,0,1,0,0#41589#
1,0,0,0,0,0#41625#
1,0,0,0,0,0#41988#
0,0,1,0,0,0#41991#
0,1,0,0,0,0#42389#
0,0,0,1,0,0#42406#
0,0,0,1,0,0#42808#
0,1,0,0,0,0#42821#
0,1,0,0,0,0#43178#
0,0,1,0,0,0#43189#
0,0,0,0,0,1#43556#
0,0,1,0,0,0#43557#
0,0,0,0,0,1#43958#
0,0,1,0,0,0#43959#
0,1,0,0,0,0#44408#
0,0,0,0,1,0#44423#
1,0,0,0,0,0#44790#
0,0,1,0,0,0#44807#
0,0,0,1,0,0#45009#
1,0,0,0,0,0#45223#
0,0,0,1,0,0#45224#
1,0,0,0,0,0#45607#
0,0,1,0,0,0#45626#
0,0,0,1,0,0#46006#
1,0,0,0,0,0#46007#
0,0,0,0,1,0#46225#
0,0,0,0,1,0#46423#
0,1,0,0,0,0#46632#
0,0,0,1,0,0#46645#
0,1,0,0,0,0#46823#
0,0,0,1,0,0#46839#
0,0,1,0,0,0#47208#
0,0,0,0,0,1#47390#
0,1,0,0,0,0#47626#
0,0,0,0,1,0#47630#
0,0,1,0,0,0#48213#
0,0,1,0,0,0#49413#
0,0,0,1,0,0#49608#
0,0,0,0,1,0#49795#
0,0,0,1,0,0#50257#
0,0,0,1,0,0#50633#
0,1,0,0,0,0#51015#
1,0,0,0,0,0#51217#
0,0,1,0,0,0#51228#
1,0,0,0,0,0#52024#
0,1,0,0,0,0#52197#
0,0,1,0,0,0#52392#
0,1,0,0,0,0#52810#
0,0,0,0,0,1#52975#
0,0,0,0,1,0#53197#
0,0,1,0,0,0#53379#
0,1,0,0,0,0#53600#
0,0,0,0,1,0#53612#
0,1,0,0,0,0#54611#
0,0,0,0,0,1#54977#
0,0,1,0,0,0#54994#
0,1,0,0,0,0#55013#
0,0,1,0,0,0#55445#
0,1,0,0,0,0#55810#
1,0,0,0,0,0#56051#
0,0,0,1,0,0#56055#
0,1,0,0,0,0#56246#
0,0,1,0,0,0#56488#
0,0,0,1,0,0#56760#
0,0,0,0,1,0#56961#
0,0,0,0,0,1#57187#
0,1,0,0,0,0#57827#
0,0,1,0,0,0#58421#
1,0,0,0,0,0#60046#
1,0,0,0,0,0#60417#
0,0,0,1,0,0#60614#
0,0,0,0,1,0#60801#
0,0,0,1,0,0#62028#
0,1,0,0,0,0#62228#
1,0,0,0,0,0#62598#
0,1,0,0,0,0#62795#
0,0,1,0,0,0#62980#
0,0,0,1,0,0#63185#
0,1,0,0,0,0#64213#
0,0,1,0,0,0#64403#
1,0,0,0,0,0#64820#
1,0,0,0,0,0#65217#
0,0,1,0,0,0#65221#
0,0,0,1,0,0#65414#
0,0,0,0,1,0#65633#
0,1,0,0,0,0#66014#
0,0,0,0,1,0#66631#
0,0,0,1,0,0#66823#
0,1,0,0,0,0#67206#
0,1,0,0,0,0#67783#
0,0,1,0,0,0#67987#
1,0,0,0,0,0#68385#
0,0,1,0,0,0#68390#
0,0,1,0,0,0#68598#
0,1,0,0,0,0#68998#
1,0,0,0,0,0#69184#
0,0,0,1,0,0#69187#
0,0,0,1,0,0#70182#
0,0,0,0,1,0#70371#
0,1,0,0,0,0#70807#
0,0,1,0,0,0#71233#
0,0,0,1,0,0#71400#
0,0,0,0,1,0#71601#
0,1,0,0,0,0#72037#
0,1,0,0,0,0#72402#
0,0,0,0,1,0#72833#
1,0,0,0,0,0#73217#
1,0,0,0,0,0#73600#
0,0,0,1,0,0#73799#
0,0,1,0,0,0#73966#
0,1,0,0,0,0#74417#
0,0,1,0,0,0#74601#
0,1,0,0,0,0#74807#
0,0,0,1,0,0#75219#
0,0,1,0,0,0#76200#
0,1,0,0,0,0#76420#
1,0,0,0,0,0#77269#
0,0,1,0,0,0#77636#
1,0,0,0,0,0#78594#
1,0,0,0,0,0#78773#
0,1,0,0,0,0#79186#
0,1,0,0,0,0#79570#
0,0,0,1,0,0#79786#
0,0,1,0,0,0#79985#
0,0,1,0,0,0#81220#
0,0,0,1,0,0#81375#
0,0,1,0,0,0#81603#
0,1,0,0,0,0#81788#
1,0,0,0,0,0#81985#
0,1,0,0,0,0#82153#
1,0,0,0,0,0#83460#
1,0,0,0,0,0#83640#
0,1,0,0,0,0#84055#
0,0,1,0,0,0#84255#
0,0,0,1,0,0#84427#
0,0,0,0,1,0#84625#
0,0,0,0,0,1#85853#
0,0,0,0,1,0#86037#
0,0,0,1,0,0#86221#
0,0,1,0,0,0#86422#
0,1,0,0,0,0#86606#
1,0,0,0,0,0#88240#
1,0,0,0,0,0#88423#
0,1,0,0,0,0#88821#
0,0,1,0,0,0#89025#
0,0,0,1,0,0#89228#
0,0,1,0,0,0#89408#
0,0,0,1,0,0#90231#
0,0,0,0,1,0#90609#
0,0,0,1,0,0#90823#
0,0,1,0,0,0#91242#
1,0,0,0,0,0#91427#
0,0,1,0,0,0#91627#
0,1,0,0,0,0#91823#
0,0,1,0,0,0#91990#
1,0,0,0,0,0#92823#
0,1,0,0,0,0#93023#
0,0,1,0,0,0#93211#
0,1,0,0,0,0#94007#
0,0,1,0,0,0#94200#
0,0,0,1,0,0#94426#
0,1,0,0,0,0#94816#
0,0,1,0,0,0#95208#
0,0,0,0,0,1#95409#
0,0,0,0,1,0#95608#
0,1,0,0,0,0#96848#
1,0,0,0,0,0#98808#
0,0,0,1,0,0#98825#
0,1,0,0,0,0#99231#
0,0,0,0,1,0#99236#
0,1,0,0,0,0#99670#
0,0,0,1,0,0#99811#
0,1,0,0,0,0#99815#
0,0,1,0,0,0#100232#
1,0,0,0,0,0#100414#
0,0,0,1,0,0#100429#
1,0,0,0,0,0#100860#
1,0,0,0,0,0#101216#
0,0,0,1,0,0#101448#
0,1,0,0,0,0#101582#
0,0,0,0,1,0#101604#
0,1,0,0,0,0#102040#
0,1,0,0,0,0#102386#
0,0,0,0,0,1#102649#
1,0,0,0,0,0#102813#
0,0,0,0,1,0#102823#
1,0,0,0,0,0#103214#
1,0,0,0,0,0#103584#
0,1,0,0,0,0#104004#
0,0,1,0,0,0#104012#
0,1,0,0,0,0#104414#
0,1,0,0,0,0#104771#
0,0,1,0,0,0#105027#
0,0,0,1,0,0#105166#
1,0,0,0,0,0#105179#
1,0,0,0,0,0#105649#
1,0,0,0,0,0#105956#
0,0,1,0,0,0#105962#
0,0,0,1,0,0#106228#
0,1,0,0,0,0#106357#
0,0,0,0,1,0#106385#
0,1,0,0,0,0#106870#
0,1,0,0,0,0#107184#
0,0,0,0,0,1#107446#
1,0,0,0,0,0#107602#
0,0,0,0,1,0#107607#
1,0,0,0,0,0#107983#
0,1,0,0,0,0#108037#
0,0,1,0,0,0#108179#
1,0,0,0,0,0#108369#
0,0,0,0,1,0#108631#
0,0,0,0,0,1#108807#
0,1,0,0,0,0#108815#
0,1,0,0,0,0#109287#
0,0,0,1,0,0#109430#
0,1,0,0,0,0#109568#
0,0,1,0,0,0#109866#
0,0,0,1,0,0#109980#
1,0,0,0,0,0#110015#
1,0,0,0,0,0#110449#
1,0,0,0,0,0#110786#
0,0,0,0,1,0#111048#
0,1,0,0,0,0#111221#
0,0,0,0,0,1#111232#
0,1,0,0,0,0#111638#
0,1,0,0,0,0#111927#
0,0,1,0,0,0#111933#
0,0,0,0,1,0#112231#
1,0,0,0,0,0#112421#
0,0,0,0,0,1#112435#
1,0,0,0,0,0#112838#
1,0,0,0,0,0#113173#
0,1,0,0,0,0#113585#
0,0,0,0,0,1#113606#
0,1,0,0,0,0#114017#
0,1,0,0,0,0#114344#
0,0,0,0,1,0#114632#
1,0,0,0,0,0#114770#
0,0,1,0,0,0#114782#
1,0,0,0,0,0#115226#
0,1,0,0,0,0#115384#
1,0,0,0,0,0#115552#
0,1,0,0,0,0#115959#
0,0,0,1,0,0#115970#
0,1,0,0,0,0#116388#
0,1,0,0,0,0#116758#
0,0,0,0,0,1#117017#
1,0,0,0,0,0#117186#
0,0,0,0,1,0#117190#
1,0,0,0,0,0#117687#
1,0,0,0,0,0#118035#
0,0,0,0,0,1#118372#
0,1,0,0,0,0#118385#
0,1,0,0,0,0#118819#
0,1,0,0,0,0#119018#
0,0,0,1,0,0#119034#
0,0,1,0,0,0#119401#
1,0,0,0,0,0#119585#
0,0,0,1,0,0#119602#
1,0,0,0,0,0#120050#
1,0,0,0,0,0#120376#
0,0,0,0,1,0#120610#
0,0,0,0,0,1#120770#
0,1,0,0,0,0#120776#
0,1,0,0,0,0#121218#
0,1,0,0,0,0#121555#
0,0,0,0,1,0#121802#
1,0,0,0,0,0#121971#
0,0,1,0,0,0#121976#
1,0,0,0,0,0#122452#
1,0,0,0,0,0#122802#
0,0,0,1,0,0#123206#
0,1,0,0,0,0#123221#
0,1,0,0,0,0#123638#
0,1,0,0,0,0#123985#
0,0,1,0,0,0#124238#
0,0,0,1,0,0#124391#
1,0,0,0,0,0#124405#
1,0,0,0,0,0#124871#
1,0,0,0,0,0#125170#
0,0,0,0,1,0#125391#
0,0,0,0,0,1#125570#
0,1,0,0,0,0#125575#
1,0,0,0,0,0#126204#
0,0,0,1,0,0#126208#
1,0,0,0,0,0#126785#
0,0,0,0,0,1#126788#
0,0,0,0,1,0#127075#
0,1,0,0,0,0#127080#
1,0,0,0,0,0#127387#
0,0,0,0,0,1#127392#
0,1,0,0,0,0#128005#
0,0,0,0,0,1#128007#
0,1,0,0,0,0#128421#
0,0,0,1,0,0#128611#
0,1,0,0,0,0#128770#
0,0,1,0,0,0#129008#
0,0,0,1,0,0#129191#
1,0,0,0,0,0#129208#
1,0,0,0,0,0#129671#
1,0,0,0,0,0#130006#
0,0,0,0,1,0#130224#
0,1,0,0,0,0#130373#
0,0,0,0,0,1#130389#
0,1,0,0,0,0#130839#
0,1,0,0,0,0#131141#
0,0,1,0,0,0#131142#
0,0,0,0,1,0#131392#
1,0,0,0,0,0#131623#
0,0,0,0,0,1#131625#
1,0,0,0,0,0#132105#
1,0,0,0,0,0#132423#
0,1,0,0,0,0#132823#
0,0,0,0,1,0#132839#
0,1,0,0,0,0#133208#
0,1,0,0,0,0#133542#
0,0,0,1,0,0#133811#
1,0,0,0,0,0#133958#
0,0,1,0,0,0#133972#
1,0,0,0,0,0#134442#
0,1,0,0,0,0#134609#
1,0,0,0,0,0#134762#
0,1,0,0,0,0#135206#
0,0,0,0,1,0#135210#
0,1,0,0,0,0#135643#
0,1,0,0,0,0#135957#
0,0,0,0,0,1#136224#
1,0,0,0,0,0#136423#
0,0,0,0,1,0#136441#
1,0,0,0,0,0#136858#
1,0,0,0,0,0#137159#
0,0,1,0,0,0#137175#
0,0,0,1,0,0#137592#
1,0,0,0,0,0#138056#
1,0,0,0,0,0#138226#
0,0,1,0,0,0#138426#
0,0,0,0,0,1#138657#
0,1,0,0,0,0#138774#
0,0,0,0,1,0#138808#
0,1,0,0,0,0#139192#
0,0,0,1,0,0#139218#
1,0,0,0,0,0#139527#
0,0,1,0,0,0#139711#
0,0,0,1,0,0#139896#
0,1,0,0,0,0#140017#
1,0,0,0,0,0#140425#
0,0,1,0,0,0#140433#
0,1,0,0,0,0#140726#
0,0,0,1,0,0#140742#
0,1,0,0,0,0#141126#
0,0,0,1,0,0#141126#
1,0,0,0,0,0#141592#
0,0,1,0,0,0#141609#
0,0,0,0,0,1#141976#
0,1,0,0,0,0#141993#
0,0,1,0,0,0#142404#
0,0,0,0,0,1#142415#
0,0,0,1,0,0#142828#
0,1,0,0,0,0#142835#
1,0,0,0,0,0#143111#
0,0,1,0,0,0#143112#
0,0,0,1,0,0#143427#
0,0,0,1,0,0#143593#
0,1,0,0,0,0#143594#
0,1,0,0,0,0#144010#
0,0,0,1,0,0#144026#
1,0,0,0,0,0#144343#
0,0,1,0,0,0#144345#
0,0,0,0,0,1#144628#
0,0,0,0,0,1#144794#
1,0,0,0,0,0#144926#
0,0,1,0,0,0#144929#
1,0,0,0,0,0#145262#
0,0,1,0,0,0#145265#
0,1,0,0,0,0#145562#
0,0,1,0,0,0#145861#
0,0,0,0,1,0#145976#
0,1,0,0,0,0#146011#
1,0,0,0,0,0#146597#
0,0,1,0,0,0#146610#
0,1,0,0,0,0#147363#
1,0,0,0,0,0#147661#
0,1,0,0,0,0#147811#
0,0,1,0,0,0#147973#
0,0,0,1,0,0#148280#
0,0,0,0,1,0#148431#
1,0,0,0,0,0#148595#
0,0,0,1,0,0#148867#
0,0,1,0,0,0#148980#
0,1,0,0,0,0#149155#
0,0,1,0,0,0#149429#
1,0,0,0,0,0#149596#
0,0,0,1,0,0#149745#
0,0,1,0,0,0#150054#
0,0,0,0,0,1#150213#
0,0,0,0,1,0#150374#
0,0,0,0,1,0#150679#
0,0,1,0,0,0#150814#
0,1,0,0,0,0#150979#
0,0,1,0,0,0#151247#
0,1,0,0,0,0#151400#
1,0,0,0,0,0#151582#
0,0,1,0,0,0#151846#
0,0,0,1,0,0#152003#
0,1,0,0,0,0#152163#
1,0,0,0,0,0#152467#
0,1,0,0,0,0#152631#
0,0,1,0,0,0#152786#
0,0,0,0,0,1#153097#
0,0,0,0,1,0#153498#
0,0,1,0,0,0#153799#
0,1,0,0,0,0#154132#
0,0,0,0,1,0#154431#
0,0,0,1,0,0#154755#
0,1,0,0,0,0#155303#
0,0,0,1,0,0#156181#
1,0,0,0,0,0#156215#
0,0,0,0,1,0#156232#
0,0,0,0,0,1#156354#
0,1,0,0,0,0#156564#
0,0,1,0,0,0#156935#
0,0,0,1,0,0#157335#
0,1,0,0,0,0#157783#
0,0,1,0,0,0#158263#
0,0,0,0,1,0#158800#
0,0,0,0,0,1#159401#
1,0,0,0,0,0#160100#
0,0,0,0,0,1#160100#
