2 000
3 200
4 400
5 600
2 1200
3 1400
4 1600
5 1800
4 2000
3 2200
2 2400
6 2400
5 2600
4 2800
5 3000
4 3200
3 3400
2 3600
5 3600
4 3800
3 4000
2 4200
1 4400
3 4600
6 4800
2 4800
5 5000
3 5200
6 5400
1 6000
5 6200
3 6400
2 6600
3 6800
6 7000
5 7200
2 7200
1 7800
6 8200
5 8400
2 8400
1 9000
2 9600
6 9600 :
2 10000
5 10200
2 10400
3 10600
1 10800
5 10800
1 11200
1 11600
5 11800
2 12000
6 12000
2 12400
2 12800
6 13000
5 13200
1 13200
1 13800
2 14400
4 14400
3 15300
2 15600
4 15600
2 16100
4 16200
3 16300
4 16500
5 16800
2 16800
6 17800
5 18000
2 18000
3 18700
6 19200
2 19200
2 19600
5 19800
2 20000
3 20200
1 20400
4 20500
1 20800
1 21200
4 21400
5 21600
2 21600
2 22000
2 22400
3 22400
4 22600
1 22800
5 22800
1 23400
1 24000
4 24000
6 25000
5 25200
2 25200
3 25800
2 26400
4 26400
4 27400
1 27600
3 27600
1 28200
3 28800
2 29000
5 29200
4 29400
2 29400
1 29600
2 29800
3 30000
3 30200
4 30400
5 30600
2 30600
4 31000
2 31000
2 31400
1 31800
2 32000
3 32200
3 32400
4 32600
5 32800
4 33000
2 33700
3 33800
4 34000
5 34200
4 34400
3 34600
2 34800
3 35000
4 35200
5 35400
1 36000
2 36200
3 36400
4 36600
3 36800
2 37000
1 37200
2 37400
3 37600
2 37800
3 38400
1 39000
2 39200
3 39400
3 39600
4 39800
5 40000
5 40200
2 40200
2 40600
4 40600
1 41000
3 41000
4 41200
4 41400
1 41400
1 41800
3 41800
2 42200
4 42200
4 42600
2 42600
2 43000
3 43000
6 43400
3 43400
6 43800
3 43800
2 44200
5 44200
1 44600
3 44600
4 44800
1 45000
4 45000
1 45400
3 45400
4 45800
1 45800
5 46000
5 46200
2 46400
4 46400
2 46600
4 46600
3 47000
6 47200
2 47400
5 47400
3 48000
3 49200
4 49400
5 49600
4 50100
4 50400
2 50800
1 51000
3 51000
1 51800
2 52000
3 52200
2 52600
6 52800
5 53000
3 53200
2 53400
5 53400
2 54400
6 54800
3 54800
2 54800
3 55200
2 55600
1 55900
4 55900
2 56000
3 56300
4 56600
5 56800
6 57000
2 57600
3 58200
1 59800
1 60200
4 60400
5 60600
4 61800
2 62000
1 62400
2 62600
3 62800
4 63000
2 64000
3 64200
1 64600
1 65000
3 65000
4 65200
5 65400
2 65800
5 66400
4 66600
2 67000
2 67600
3 67800
1 68200
3 68200
3 68400
2 68800
1 69000
4 69000
4 70000
5 70200
2 70600
3 71000
4 71200
5 71400
2 71800
2 72200
5 72600
1 73000
1 73400
4 73600
3 73800
2 74200
3 74400
2 74600
4 75000
3 76000
2 76200
1 77100
3 77400
1 78400
1 78600
2 79000
2 79400
4 79600
3 79800
3 81000
4 81200
3 81400
2 81600
1 81800
2 82000
1 83300
1 83400
2 83900
3 84100
4 84200
5 84400
6 85700
5 85800
4 86000
3 86200
2 86400
1 88000
1 88200
2 88600
3 88800
4 89000
3 89200
4 90000
5 90400
4 90600
3 91000
1 91200
3 91400
2 91600
3 91800
1 92600
2 92800
3 93000
2 93800
3 94000
4 94200
2 94600
3 95000
6 95200
5 95400
2 96600
1 98600
4 98600
2 99000
5 99000
2 99500
4 99600
2 99600
3 100000
1 100200
4 100200
1 100700
1 101000
4 101200
2 101400
5 101400
2 101800
2 102200
6 102400
1 102600
5 102600
1 103000
1 103400
2 103800
3 103800
2 104200
2 104600
3 104800
4 105000
1 105000
1 105400
1 105800
3 105800
4 106000
2 106200
5 106200
2 106700
2 107000
6 107200
1 107400
5 107400
1 107800
2 107800
3 108000
1 108200
5 108400
6 108600
2 108600
2 109100
4 109200
2 109400
3 109700
4 109800
1 109800
1 110200
1 110600
5 110800
2 111000
6 111000
2 111400
2 111700
3 111700
5 112000
1 112200
6 112200
1 112600
1 113000
2 113400
6 113400
2 113800
2 114100
5 114400
1 114600
3 114600
1 115000
2 115200
1 115400
2 115800
4 115800
2 116200
2 116600
6 116800
1 117000
5 117000
1 117500
1 117800
6 118200
2 118200
2 118600
2 118800
4 118800
3 119200
1 119400
4 119400
1 119900
1 120200
5 120400
6 120600
2 120600
2 121000
2 121400
5 121600
1 121800
3 121800
1 122300
1 122600
4 123000
2 123000
2 123400
2 123800
3 124000
4 124200
1 124200
1 124700
1 125000
5 125200
6 125400
2 125400
1 126000
4 126000
1 126600
6 126600
5 126900
2 126900
1 127200
6 127200
2 127800
6 127800
2 128200
4 128400
2 128600
3 128800
4 129000
1 129000
1 129500
1 129800
5 130000
2 130200
6 130200
2 130600
2 130900
3 130900
5 131200
1 131400
6 131400
1 131900
1 132200
2 132600
5 132600
2 133000
2 133300
4 133600
1 133800
3 133800
1 134200
2 134400
1 134600
2 135000
5 135000
2 135400
2 135800
6 136000
1 136200
5 136200
1 136700
1 137000
3 137000
4 137400
1 137900
1 138000
3 138200
6 138500
2 138600
5 138600
2 139000
4 139000
1 139300
3 139500
4 139700
2 139800
1 140200
3 140200
2 140500
4 140500
2 140900
4 140900
1 141400
3 141400
6 141800
2 141800
3 142200
6 142200
4 142600
2 142600
1 142900
3 142900
4 143200
4 143400
2 143400
2 143800
4 143800
1 144100
3 144100
6 144400
6 144600
1 144700
3 144700
1 145100
3 145100
2 145400
3 145700
5 145800
2 145800
1 146400
3 146400
2 147200
1 147500
2 147600
3 147800
4 148100
5 148200
1 148400
4 148700
3 148800
2 149000
3 149200
1 149400
4 149500
3 149900
6 150000
5 150200
5 150500
3 150600
2 150800
3 151000
2 151200
1 151400
3 151600
4 151800
2 152000
1 152300
2 152400
3 152600
6 152900
5 153300
3 153600
2 153900
5 154200
4 154600
2 155100
4 156100
1 156300
5 156500
6 156200
2 156400
3 156700
4 157100
2 157600
3 158200
5 158600
6 159200
1 160000
6 160000
